44	9.108
58	3.190
317	5.6
410	2.238
435	20.14
780	1.7
786	2.1	8.1
884	75.40
887	95.8	75.40	77.50
932	1.7
934	1.7
935	1.7
949	2.238
1045	2.144
1260	3.84	3.53	2.119
1304	73.2-3	73.20	73.7
1321	32.16
1322	51.17
1331	3.146
1396	53.1	55.1	54.1	69.1	51.1	52.1	56.1	68.1	70.1	79.1	83.1	80.1	73.1	74.1	75.1	76.1	77.1	78.1	44.1	81.1
1460	2.255
1467	48.1-29
1521	3.135
1664	9.34
1689	3.92
1731	2.198
1733	2.198
1734	2.198
1901	2.158
1909	2.125
2051	24.3
2068	4.3	4.127
2087	2.232
2089	4.19
2090	4.19
2135	4.128
2136	33.51
2155	4.24
2163	2.223
2164	2.223
2165	2.222
2195	2.228-229
2196	65.1
2214	58.1
2281	2.228
2282	2.228	33.49
2298	2.240
2307	2.234
2310	25.68
2311	24.33
2312	24.33
2313	2.183	2.187
2314	2.187
2315	2.184-185
2317	2.229
2318	2.184
2349	2.187
2505	9.39	9.120
2506	9.39
2512	2.195
2520	2.154
2624	4.59
2646	8.65-66
2648	8.16
2688	48.24
2740	8.1
2771	9.44	24.62
2817	6.118	6.119	6.121	5.5
2818	6.121
2819	6.121
2869	2.180	4.11
2871	17.34	4.10	2.220
2886	4.176
2887	4.176
2888	4.176
2889	4.176
2891	4.11
2921	8.75
2922	4.33
2923	4.33	
2924	8.72	8.75
2966	59.6
2971	59.6
3001	3.12
3093	4.123	84.8
3243	3.77
3527	10.62
3590	5.42	5.48-49
3591	5.42
3606	5.106
3621	3.77
3637	4.65
3669	2.219
3670	2.219	4.43
3671	4.43
3672	4.43	2.219	5.90
3714	66.1
3753	4.29	24.61
3800	6.145
3969	2.125
3971	3.161
3974	4.94
3976	5.45
3977	5.45
3978	30.54
3979	30.54
3981	10.58
3983	11.46
3985	18.76
3986	18.86
3990	39.59
3994	54.17
3995	104.3
3996	89.25-26
3997	89.25
4003	2.255
4004	12.23
4005	12.23
4008	24.1
4101	33.59
4102	24.31
4111	24.31	24.60
4257	5.28
4272	4.93	25.68
4273	25.68	25.70	4.93
4275	4.93
4276	4.93
4312	6.158
4336	5.78
4341	5.105
4369	5.33
4372	5.33
4338	5.105
4436	5.33
4413	4.15	4.16	24.2
4414	4.15
4418	24.2-9
4451	5.42
4494	5.50
4495	53.38
4598	3.7
4607	9.92
4614	37.162-163
4615	11.119
4616	37.162
4619	15.12
4620	34.54
4641	3.55
4468	11.114
4684	49.14
4703	7.172
4706	18.80
4728	4.58
4787	7.199
4962	49.11
5016	26.224	26.227
5191	24.28
5192	24.58